81
80
0 1 655.2991699270123 1.0081525691184805 0.13761282568467256
1 2 440.5601633149091 0.6777848666383217 0.09251763429613091
2 3 473.59491119611744 0.7286075556863345 0.09945493135118466
3 4 617.9445080905807 0.9506838586008934 0.12976834669902193
4 5 661.1404307360955 1.0171391242093777 0.13883949045458005
5 6 634.0675118663072 0.9754884797943187 0.1331541774919245
6 7 743.4315641781642 1.1437408679664065 0.15612062847741445
7 8 496.01237005945256 0.7630959539376193 0.10416259771248504
8 9 604.6955242091569 0.9303008064756261 0.12698606008392296
9 10 662.9354914509331 1.0199007560783586 0.13921645320469594
10 11 735.370188852812 1.1313387520812492 0.1544277396590905
11 12 635.2939336919982 0.9773752826030742 0.13341172607531962
12 13 937.2244414966808 1.4418837561487396 0.19681713271430296
13 14 866.7089439889164 1.3333983753675638 0.18200887823767245
14 15 565.8632036829758 0.8705587748968859 0.11883127277342492
15 16 481.9627760755564 0.7414811939623944 0.10121218297586684
16 17 824.5679617774035 1.2685660950421593 0.17315927197325473
17 18 395.04389321153775 0.6077598357100581 0.08295921757442293
18 19 647.6495713729167 0.9963839559583334 0.1360064099883125
19 20 501.73224695385653 0.7718957645443947 0.10536377186030987
20 21 740.9601455288814 1.1399386854290483 0.1556016305610651
21 22 1241.6376454943759 1.9102117622990398 0.26074390555381893
23 24 611.164615144087 0.9402532540678261 0.12834456918025824
24 25 627.1613591160248 0.9648636294092688 0.1317038854143652
25 26 607.3766395966246 0.9344255993794225 0.12754909431529116
26 27 762.3306949118179 1.172816453710489 0.16008944593148175
27 28 656.4340892297462 1.0098985988149942 0.1378511587382467
28 29 1092.642817406996 1.680988949856917 0.22945499165546915
29 30 659.068660954975 1.013951786084577 0.13840441880054477
30 31 797.9785294702345 1.2276592761080531 0.16757549118874923
31 32 1464.4163141425765 2.2529481756039638 0.3075274259699411
32 33 776.5471690848916 1.1946879524382947 0.16307490550782724
33 34 2694.7516841752936 4.145771821808144 0.5658978536768116
34 35 1044.111031140431 1.6063246632929706 0.2192633165394905
35 36 2043.361456581621 3.143633010125571 0.42910590588214037
36 37 1959.8463641705193 3.0151482525700297 0.411567736475809
37 38 1092.7751783800124 1.681192582123096 0.22948278745980258
38 39 945.2186941065545 1.454182606317776 0.19849592576237643
39 40 599.015631888172 0.9215625105971877 0.12579328269651613
40 41 1889.7224801077236 2.9072653540118827 0.396841720822622
41 42 1769.5710883310946 2.722417058970915 0.37160992854952984
42 43 673.1965469693702 1.0356869953374925 0.14137127486356774
43 9 689.083723311701 1.0601288050949245 0.1447075818954572
44 45 698.2814860203312 1.074279209262048 0.14663911206426952
45 46 1390.713979552005 2.1395599685415463 0.292049935705921
46 47 1069.6571391772272 1.645626367964965 0.22462799922721768
47 48 1114.2072039749357 1.7141649291922088 0.2339835128347365
48 49 656.0222742530135 1.0092650373123284 0.13776467759313282
49 50 1256.9912277237952 1.933832658036608 0.26396815782199695
50 51 635.3908615975901 0.9775244024578309 0.1334320809354939
51 52 1101.1864473472078 1.6941329959187812 0.23124915394291365
52 53 862.7928969868885 1.3273736876721363 0.1811865083672466
53 43 882.7751263965388 1.3581155790715982 0.18538277654327315
54 55 295.0252229021748 0.45388495831103814 0.06195529680945671
55 56 783.430450199854 1.205277615692083 0.16452039454196934
56 57 652.0500952702319 1.0031539927234336 0.13693052000674868
57 58 483.813846686321 0.7443289949020323 0.10160090780412742
58 59 684.8640743456988 1.053637037454921 0.14382145561259674
59 60 595.9789516536266 0.9168906948517332 0.12515557984726158
60 17 547.860662036512 0.8428625569792493 0.11505073902766753
17 61 456.24926129819704 0.7019219404587647 0.09581234487262137
61 62 362.27681994153374 0.5573489537562057 0.0760781321877221
62 63 858.2836125179571 1.3204363269507031 0.18023955862877097
63 64 435.633522676276 0.6702054195019631 0.09148303976201796
64 65 495.4251662391271 0.762192563444811 0.10403928491021669
65 66 396.54990377235947 0.6100767750343992 0.08327547979219549
66 67 719.23878649876 1.1065212099980923 0.15104014516473957
67 68 464.5689736654183 0.7147214979467974 0.09755948446973783
69 70 1092.9710100498842 1.6814938616152064 0.22952391211047568
70 39 595.83740747148 0.9166729345715077 0.1251258555690108
22 71 555.3089947121089 0.8543215303263213 0.11661488888954284
71 72 582.0709386395282 0.8954937517531203 0.12223489711430091
72 73 481.8334579005918 0.7412822429239874 0.10118502615912427
73 74 966.3550323229013 1.4867000497275404 0.20293455678780925
74 75 449.3805555027732 0.6913547007734971 0.09436991665558236
75 76 681.976407568906 1.0491944731829324 0.14321504558947026
76 77 719.2416186610152 1.1065255671707925 0.1510407399188132
77 78 685.9971107213412 1.055380170340525 0.14405939325148165
78 79 526.9598162977876 0.810707409688904 0.11066156142253537
79 80 440.92986022045034 0.6783536311083851 0.09259527064629457