0 1 655.2991699270123 1.0081525691184805 0.13761282568467256
1 2 440.5601633149091 0.6777848666383217 0.09251763429613091
2 3 473.59491119611744 0.7286075556863345 0.09945493135118466
3 4 617.9445080905807 0.9506838586008934 0.12976834669902193
4 5 661.1404307360955 1.0171391242093777 0.13883949045458005
5 6 634.0675118663072 0.9754884797943187 0.1331541774919245
6 7 743.4315641781642 1.1437408679664065 0.15612062847741445
7 8 496.01237005945256 0.7630959539376193 0.10416259771248504
8 9 604.6955242091569 0.9303008064756261 0.12698606008392296
9 10 662.9354914509331 1.0199007560783586 0.13921645320469594
10 11 735.370188852812 1.1313387520812492 0.1544277396590905
11 12 635.2939336919982 0.9773752826030742 0.13341172607531962
12 13 937.2244414966808 1.4418837561487396 0.19681713271430296
13 14 866.7089439889164 1.3333983753675638 0.18200887823767245
14 15 565.8632036829758 0.8705587748968859 0.11883127277342492
15 16 481.9627760755564 0.7414811939623944 0.10121218297586684
16 17 824.5679617774035 1.2685660950421593 0.17315927197325473
17 18 395.04389321153775 0.6077598357100581 0.08295921757442293
18 19 647.6495713729167 0.9963839559583334 0.1360064099883125
19 20 501.73224695385653 0.7718957645443947 0.10536377186030987
20 21 740.9601455288814 1.1399386854290483 0.1556016305610651
21 22 1241.6376454943759 1.9102117622990398 0.26074390555381893
