54 55 295.0252229021748 0.45388495831103814 0.06195529680945671
55 56 783.430450199854 1.205277615692083 0.16452039454196934
56 57 652.0500952702319 1.0031539927234336 0.13693052000674868
57 58 483.813846686321 0.7443289949020323 0.10160090780412742
58 59 684.8640743456988 1.053637037454921 0.14382145561259674
59 60 595.9789516536266 0.9168906948517332 0.12515557984726158
60 17 547.860662036512 0.8428625569792493 0.11505073902766753
17 61 456.24926129819704 0.7019219404587647 0.09581234487262137
61 62 362.27681994153374 0.5573489537562057 0.0760781321877221
62 63 858.2836125179571 1.3204363269507031 0.18023955862877097
63 64 435.633522676276 0.6702054195019631 0.09148303976201796
64 65 495.4251662391271 0.762192563444811 0.10403928491021669
65 66 396.54990377235947 0.6100767750343992 0.08327547979219549
66 67 719.23878649876 1.1065212099980923 0.15104014516473957
67 68 464.5689736654183 0.7147214979467974 0.09755948446973783
