44 45 698.2814860203312 1.074279209262048 0.14663911206426952
45 46 1390.713979552005 2.1395599685415463 0.292049935705921
46 47 1069.6571391772272 1.645626367964965 0.22462799922721768
47 48 1114.2072039749357 1.7141649291922088 0.2339835128347365
48 49 656.0222742530135 1.0092650373123284 0.13776467759313282
49 50 1256.9912277237952 1.933832658036608 0.26396815782199695
50 51 635.3908615975901 0.9775244024578309 0.1334320809354939
51 52 1101.1864473472078 1.6941329959187812 0.23124915394291365
52 53 862.7928969868885 1.3273736876721363 0.1811865083672466
53 43 882.7751263965388 1.3581155790715982 0.18538277654327315
43 9 689.083723311701 1.0601288050949245 0.1447075818954572
9 10 662.9354914509331 1.0199007560783586 0.13921645320469594
10 11 735.370188852812 1.1313387520812492 0.1544277396590905
11 12 635.2939336919982 0.9773752826030742 0.13341172607531962
12 13 937.2244414966808 1.4418837561487396 0.19681713271430296
13 14 866.7089439889164 1.3333983753675638 0.18200887823767245
14 15 565.8632036829758 0.8705587748968859 0.11883127277342492
15 16 481.9627760755564 0.7414811939623944 0.10121218297586684
16 17 824.5679617774035 1.2685660950421593 0.17315927197325473
17 18 395.04389321153775 0.6077598357100581 0.08295921757442293
18 19 647.6495713729167 0.9963839559583334 0.1360064099883125
19 20 501.73224695385653 0.7718957645443947 0.10536377186030987
20 21 740.9601455288814 1.1399386854290483 0.1556016305610651
