69 70 1092.9710100498842 1.6814938616152064 0.22952391211047568
70 39 595.83740747148 0.9166729345715077 0.1251258555690108
39 40 599.015631888172 0.9215625105971877 0.12579328269651613
40 41 1889.7224801077236 2.9072653540118827 0.396841720822622
41 42 1769.5710883310946 2.722417058970915 0.37160992854952984
42 43 673.1965469693702 1.0356869953374925 0.14137127486356774
43 9 689.083723311701 1.0601288050949245 0.1447075818954572
9 10 662.9354914509331 1.0199007560783586 0.13921645320469594
10 11 735.370188852812 1.1313387520812492 0.1544277396590905
11 12 635.2939336919982 0.9773752826030742 0.13341172607531962
12 13 937.2244414966808 1.4418837561487396 0.19681713271430296
13 14 866.7089439889164 1.3333983753675638 0.18200887823767245
14 15 565.8632036829758 0.8705587748968859 0.11883127277342492
15 16 481.9627760755564 0.7414811939623944 0.10121218297586684
16 17 824.5679617774035 1.2685660950421593 0.17315927197325473
17 18 395.04389321153775 0.6077598357100581 0.08295921757442293
18 19 647.6495713729167 0.9963839559583334 0.1360064099883125
19 20 501.73224695385653 0.7718957645443947 0.10536377186030987
20 21 740.9601455288814 1.1399386854290483 0.1556016305610651
21 22 1241.6376454943759 1.9102117622990398 0.26074390555381893
