9 10 662.9354914509331 1.0199007560783586 0.13921645320469594
10 11 735.370188852812 1.1313387520812492 0.1544277396590905
11 12 635.2939336919982 0.9773752826030742 0.13341172607531962
12 13 937.2244414966808 1.4418837561487396 0.19681713271430296
13 14 866.7089439889164 1.3333983753675638 0.18200887823767245
14 15 565.8632036829758 0.8705587748968859 0.11883127277342492
15 16 481.9627760755564 0.7414811939623944 0.10121218297586684
16 17 824.5679617774035 1.2685660950421593 0.17315927197325473
17 18 395.04389321153775 0.6077598357100581 0.08295921757442293
18 19 647.6495713729167 0.9963839559583334 0.1360064099883125
19 20 501.73224695385653 0.7718957645443947 0.10536377186030987
20 21 740.9601455288814 1.1399386854290483 0.1556016305610651
21 22 1241.6376454943759 1.9102117622990398 0.26074390555381893
22 71 555.3089947121089 0.8543215303263213 0.11661488888954284
71 72 582.0709386395282 0.8954937517531203 0.12223489711430091
72 73 481.8334579005918 0.7412822429239874 0.10118502615912427
73 74 966.3550323229013 1.4867000497275404 0.20293455678780925
74 75 449.3805555027732 0.6913547007734971 0.09436991665558236
75 76 681.976407568906 1.0491944731829324 0.14321504558947026
76 77 719.2416186610152 1.1065255671707925 0.1510407399188132
77 78 685.9971107213412 1.055380170340525 0.14405939325148165
78 79 526.9598162977876 0.810707409688904 0.11066156142253537
79 80 440.92986022045034 0.6783536311083851 0.09259527064629457
